0.11318850 -0.02890654 0.09823142 -0.48734841 -0.00616724 -0.28449541 1.13827503 -0.16005540 0.04683426
0.14312570 -0.06632417 0.17018659 -0.33622381 0.02083915 -0.36408231 1.16795802 -0.19781619 0.11845720
0.12987110 -0.00400813 0.20695271 -0.17633811 -0.10174470 -0.36873159 1.15440798 -0.13581470 0.15492870
0.19553129 0.05035370 0.26440319 -0.21050601 -0.31299749 -0.33101520 1.21974003 -0.08174142 0.21213010
0.32496080 -0.00842065 0.26137239 0.00884546 -0.34434381 -0.26541200 1.34882295 -0.14077890 0.20890491
0.44059819 -0.04906587 0.11910040 0.30249020 -0.20414640 -0.38414651 1.46411097 -0.18166250 0.06650184
0.45952490 0.08577204 -0.10734900 0.12290430 0.05353579 -0.67498112 1.48270595 -0.04703965 -0.16001090
0.29541031 0.25438991 -0.27985510 -0.58651900 0.25808129 -0.84659672 1.31829798 0.12138770 -0.33251730
0.04030720 0.32655901 -0.26188269 -1.27745605 0.15575659 -0.69491982 1.06295598 0.19339800 -0.31449530
-0.10464160 0.23774730 -0.15894590 -1.33577502 -0.13069379 -0.34549579 0.91782808 0.10447060 -0.21147470
-0.08052679 0.07680309 -0.11490640 -0.98617828 -0.37965080 -0.06965331 0.94181961 -0.05653596 -0.16733080
0.03443761 -0.00570846 -0.15036160 -0.84384757 -0.39214891 0.12145150 1.05671000 -0.13905200 -0.20267069
0.22014780 -0.04433716 -0.19906680 -0.89074671 0.01542588 0.24184661 1.24239194 -0.17762899 -0.25125819
0.33357441 0.00124839 -0.15997539 -0.81123519 0.46658060 0.29141131 1.35583901 -0.13194010 -0.21205591
0.22254831 0.03009409 -0.12292300 -0.62800002 0.42423320 0.43687570 1.24489105 -0.10294420 -0.17490770
-0.04084538 -0.09142625 -0.09926305 -0.42130709 0.23111141 0.61526942 0.98164058 -0.22427151 -0.15117370
-0.33110920 -0.17473350 -0.00871172 -0.15121190 0.15513800 0.67639261 0.69158387 -0.30734900 -0.06057416
-0.37963939 -0.15334789 0.00470128 0.06655102 -0.08333386 0.60951388 0.64331120 -0.28570601 -0.04713982
-0.25755581 -0.11647080 -0.01905868 0.15278760 -0.11626810 0.48212510 0.76568252 -0.24855420 -0.07090427
-0.32248271 -0.08474082 0.03252096 0.21806410 0.04115824 0.38501430 0.70105398 -0.21654139 -0.01935319
-0.34334311 -0.04510428 0.03599876 0.21920259 -0.06642142 0.25346509 0.68048513 -0.17662020 -0.01592568
-0.26398501 0.00121102 0.02865054 0.12448120 -0.05719460 0.14660899 0.76011139 -0.13002270 -0.02334280
-0.30255881 0.04251983 0.07175472 0.05410983 -0.04003688 0.07466603 0.72176778 -0.08843580 0.01967732
-0.26672930 0.08568227 0.10281680 0.01364743 -0.20476860 -0.01808269 0.75777632 -0.04499877 0.05064434
-0.21807520 0.05627289 0.16031089 0.08485420 -0.18888851 -0.00321346 0.80654770 -0.07413472 0.10803810
-0.19328550 0.00034960 0.22836110 0.26103109 -0.26392439 -0.00085094 0.83138442 -0.12978330 0.17599019
-0.07799700 -0.02920942 0.20606349 0.40355161 -0.37964669 -0.02663886 0.94664443 -0.15906590 0.15360659
-0.00749099 -0.11552510 0.09117215 0.55491078 -0.37169439 0.00674894 1.01704502 -0.24510500 0.03865062
0.09332395 -0.15326171 -0.02293218 0.60151643 -0.41100061 -0.00185863 1.11768198 -0.28256959 -0.07549129
0.18678141 -0.13368089 -0.03776914 0.56269419 -0.02616196 0.05414076 1.21089602 -0.26272810 -0.09033821
0.28954041 -0.10564720 0.09333312 0.62974548 0.59419179 0.16135690 1.31335998 -0.23445170 0.04077974
0.48151481 0.01245861 0.25907269 0.62193787 0.61024803 0.23840430 1.50500405 -0.11612620 0.20656140
0.44449350 0.15343291 0.26270559 0.45453951 0.16000751 0.35338500 1.46764004 0.02504419 0.21026890
0.41096801 0.21184520 0.10319530 0.31205031 -0.06474770 0.51521868 1.43378401 0.08363411 0.05087458
0.54885328 0.03684620 -0.08694922 0.37109551 0.29881540 0.62599611 1.57137406 -0.09119757 -0.13910760
0.41796321 -0.28501460 -0.18274669 0.53171098 0.92710102 0.40420079 1.44024599 -0.41289711 -0.23469950
0.12339910 -0.36745879 -0.16045000 0.54684860 1.12901497 0.03576451 1.14552104 -0.49519181 -0.21216330
-0.15750711 -0.17025340 -0.13794960 0.51770598 0.63539392 -0.00529219 0.86453700 -0.29786170 -0.18940049
-0.30809310 0.02882102 -0.13643999 0.43380260 0.01838801 0.15688780 0.71395183 -0.09869821 -0.18761609
-0.19007920 0.00745006 -0.15649870 0.30713490 -0.02659842 0.21063741 0.83202970 -0.12001820 -0.20739630
-0.14491840 -0.13907181 -0.19390410 0.42078960 0.17049760 -0.01586827 0.87730122 -0.26652601 -0.24452861
-0.12393130 -0.23643281 -0.13174839 0.75757068 0.11556180 -0.34236661 0.89843291 -0.36391100 -0.18211390
-0.01109737 -0.26365381 -0.01520287 1.17160499 -0.00235980 -0.42825121 1.01143599 -0.39120021 -0.06533064
-0.06075880 -0.10775740 0.03782967 1.28844798 -0.13603780 -0.44673339 0.96196169 -0.23542410 -0.01208458
-0.11905400 0.08732364 0.02519062 0.97293037 -0.25933981 -0.48440269 0.90386730 -0.04051940 -0.02453340
-0.18412291 0.11289360 0.01321443 0.78511578 -0.29806080 -0.39687949 0.83900648 -0.01517871 -0.03634027
-0.28023881 0.10487180 0.04961138 0.79716933 -0.39202720 -0.29081821 0.74309671 -0.02347445 0.00020745
-0.22803921 0.09915441 0.04409066 0.74251008 -0.36906651 -0.18892550 0.79548872 -0.02950088 -0.00517846
-0.19665700 0.08889859 0.02030622 0.65623349 -0.24767169 -0.12626740 0.82703799 -0.04009231 -0.02884122
-0.14249159 0.11625340 0.04265814 0.56929177 -0.19537550 -0.10530610 0.88133538 -0.01309169 -0.00637829
-0.07022692 0.16336951 0.04073432 0.49569899 -0.03594552 0.03004915 0.95369089 0.03365955 -0.00819953
-0.13920930 0.21673819 0.08124029 0.35187769 -0.00121787 0.17370890 0.88475442 0.08666188 0.03240318
-0.17664900 0.22389901 0.15321130 0.20486340 -0.23288280 0.27306369 0.84731293 0.09346547 0.10446890
-0.18726210 0.20686901 0.14710110 0.14958049 -0.38279030 0.37877920 0.83664578 0.07609880 0.09845701
-0.14553970 0.18187819 0.11484260 0.06642475 -0.33305049 0.35451320 0.87825722 0.05080196 0.06630687
-0.02772277 0.11938200 0.09199675 0.02336931 -0.20182671 0.22047959 0.99590272 -0.01196110 0.04358522
-0.01155226 0.04961452 0.09776821 0.02088915 -0.13441500 0.05297348 1.01184201 -0.08195099 0.04950071
0.03664656 -0.03397144 0.11428500 0.03920807 -0.05285417 -0.10888330 1.05975199 -0.16571330 0.06618469
0.15838960 -0.09448220 0.11668950 0.19473360 0.00780067 -0.21880610 1.18115699 -0.22635660 0.06878292
0.21410871 -0.04023843 0.15209790 0.31404239 -0.12337450 -0.30830619 1.23649597 -0.17220710 0.10441510
0.26616859 0.06149872 0.18762490 0.30896479 -0.25143811 -0.29161140 1.28814900 -0.07053061 0.14020041
0.30742589 0.05013518 0.22414251 0.41662821 -0.32718280 -0.27650350 1.32898796 -0.08192349 0.17701630
0.29684031 -0.05482266 0.23559530 0.60694581 -0.40362591 -0.48395550 1.31798804 -0.18688001 0.18881410
0.30515260 -0.10882680 0.09165608 0.52400023 -0.36711860 -0.77749872 1.32590604 -0.24085470 0.04527309
0.29490370 -0.01555856 -0.18263561 0.15024330 -0.20793580 -0.95229232 1.31529796 -0.14753400 -0.22856560
0.17277180 0.11428650 -0.39944229 -0.28583679 0.05995611 -0.85122758 1.19285595 -0.01761736 -0.44487250
0.02054459 0.06422980 -0.36756650 -0.51819301 0.30304110 -0.52332258 1.04037595 -0.06758330 -0.41246799
-0.04435605 -0.00502622 -0.16707671 -0.16103090 0.31581441 -0.19190650 0.97528172 -0.13672760 -0.21144129
0.00184073 0.01785519 -0.06363044 0.22161530 0.12473590 0.01800600 1.02134097 -0.11371350 -0.10746520
0.13309850 -0.00258851 -0.08814171 0.02584454 0.05371553 0.03754556 1.15251303 -0.13400470 -0.13146210
0.24661340 0.06470071 -0.11312420 -0.11949640 0.30316940 0.11349430 1.26599503 -0.06654426 -0.15595070
0.21684290 0.14017560 -0.06532606 -0.18368810 0.52707201 0.31987250 1.23625004 0.00912081 -0.10768370
0.02988240 0.08715807 -0.02899732 -0.33378139 0.40797201 0.46552560 1.04937804 -0.04368483 -0.07091494
-0.17333290 0.07136371 -0.04336737 -0.25219989 0.23541100 0.64367282 0.84631532 -0.05924257 -0.08487563
-0.30195701 0.05595006 -0.00574371 -0.27402711 0.18750700 0.68988138 0.71789938 -0.07439293 -0.04687407
-0.35005751 0.01804500 0.00871316 -0.39794269 -0.00495109 0.55684048 0.67004669 -0.11200760 -0.03207059
-0.33282450 -0.00908945 -0.00620371 -0.41152480 -0.13953149 0.47923440 0.68754768 -0.13882540 -0.04667107
-0.31268710 -0.06043059 0.01640535 -0.43616319 -0.02782012 0.40485969 0.70795399 -0.18982629 -0.02377441
-0.27942979 -0.07944955 0.01429486 -0.35783729 0.05381276 0.34547919 0.74146372 -0.20848580 -0.02562443
-0.28398851 -0.07842871 0.06197234 -0.30627510 0.11791940 0.24078070 0.73712599 -0.20709200 0.02228860
-0.31212449 -0.04247616 0.14064890 -0.26843271 -0.03892044 0.12118170 0.70916629 -0.17075869 0.10117940
-0.25402340 0.03040043 0.15735251 -0.14418501 -0.37514949 0.10733530 0.76738667 -0.09749772 0.11808210
-0.18638140 0.05385189 0.15302341 -0.11068850 -0.41107059 0.05588560 0.83508098 -0.07366006 0.11394440
-0.07987163 0.01732905 0.12293320 -0.05604082 -0.41111121 0.00501432 0.94156963 -0.10979460 0.08404580
0.05300726 -0.06006895 0.05830131 0.03898653 -0.45063189 -0.01829900 1.07435298 -0.18680210 0.01961191
0.12426390 -0.11652420 -0.03118612 0.15339190 -0.29416999 -0.02588252 1.14544404 -0.24286731 -0.06966788
0.25441131 -0.09115239 -0.03092298 0.30472851 -0.09353033 0.00546283 1.27536595 -0.21711069 -0.06918759
0.39073649 -0.00273676 0.12372100 0.33591121 0.23470180 -0.00861540 1.41142201 -0.12832069 0.08568175
0.42533320 0.10150230 0.24344660 0.27659929 0.57525891 0.06187386 1.44572496 -0.02371974 0.20564280
0.41791761 0.17825291 0.19540140 0.04918145 0.54404479 0.28271320 1.43801296 0.05338251 0.15785010
0.45319170 0.17091499 0.04053592 -0.41722500 0.16631050 0.55874300 1.47301197 0.04639235 0.00326156
0.49278131 0.01680264 -0.06970856 -0.67332041 -0.10389740 0.72833037 1.51236999 -0.10736930 -0.10667820
0.28175491 -0.23437670 -0.07356838 -0.22679020 0.26349461 0.64852983 1.30117500 -0.35819280 -0.11020830
-0.13729391 -0.36452919 -0.02303677 0.40812561 0.86663198 0.42207390 0.88203323 -0.48799139 -0.05932715
-0.37622789 -0.24287410 0.04746252 0.40879089 0.85882199 0.13281350 0.64308101 -0.36599791 0.01153694
-0.32677439 -0.14494990 0.06869191 0.21323590 0.33716321 -0.01391469 0.69257522 -0.26776490 0.03314475
-0.20571120 -0.21772060 -0.07121599 0.11429620 -0.16366620 -0.05008414 0.81371760 -0.34026650 -0.10637150
-0.08440551 -0.20207269 -0.27329430 -0.06077573 -0.17780140 -0.28809381 0.93512499 -0.32439679 -0.30804849
0.06861864 -0.16732590 -0.21524151 0.24342731 0.21291970 -0.46559441 1.08826399 -0.28948280 -0.24959390
0.01940066 -0.18826450 -0.00361193 0.73067141 0.26046219 -0.49245980 1.03917098 -0.31031531 -0.03757348
-0.13211280 -0.08669222 0.06259338 0.69043100 -0.10484030 -0.56575853 0.88779259 -0.20870230 0.02900607
-0.09719234 -0.00370224 0.05260532 0.50540948 -0.39713281 -0.56642020 0.92285401 -0.12573890 0.01937587
-0.13113250 0.01890239 -0.01764411 0.37416801 -0.33476841 -0.49852261 0.88905501 -0.10322610 -0.05052977
-0.26131690 0.10384180 -0.06934673 0.14562380 -0.19142260 -0.36431929 0.75900459 -0.01843826 -0.10190200
-0.31169790 0.13357750 -0.06035758 -0.00621801 -0.37527311 -0.26711810 0.70874017 0.01109397 -0.09259742
-0.28636929 0.06707462 -0.05059409 0.07988839 -0.37931469 -0.24140230 0.73415548 -0.05565464 -0.08253628
-0.14889871 0.03358159 0.05030474 0.26671851 -0.17945459 -0.07403630 0.87167019 -0.08942728 0.01864064
-0.10133510 0.08577145 0.06886088 0.31566021 -0.06757353 0.12093760 0.91922748 -0.03754429 0.03745604
-0.12312810 0.15216590 0.03291125 0.23711500 0.17812100 0.26064599 0.89737391 0.02852261 0.00174968
-0.12749270 0.20218210 0.07770569 0.05363672 0.12924840 0.29152259 0.89289230 0.07819909 0.04677469
-0.21944760 0.22436871 0.05267462 -0.17244270 -0.05742986 0.19779320 0.80076152 0.10004440 0.02196470
-0.19946650 0.20298859 0.06078861 -0.22439469 -0.12513550 0.18813661 0.82050401 0.07833312 0.03029350
-0.13075601 0.17889960 0.07242972 -0.21600960 -0.33311221 0.15970950 0.88890833 0.05393394 0.04214618
-0.09482947 0.09638383 0.04636502 -0.27519310 -0.22645840 0.07552505 0.92445850 -0.02886224 0.01629269
0.01734351 -0.02348191 0.08261586 -0.19236030 -0.07820930 -0.01033547 1.03618598 -0.14897349 0.05275704
0.10930810 -0.06658102 0.09240932 0.05086285 -0.16444799 -0.22239530 1.12764001 -0.19228300 0.06276912
0.24463430 -0.03636073 0.12422800 0.18596829 -0.14128330 -0.42512980 1.26240003 -0.16224129 0.09481502
0.32653350 0.05897632 0.14034919 0.08424283 -0.23616511 -0.44256380 1.34369195 -0.06705459 0.11117650
0.31234270 0.12100270 0.12812470 -0.00941232 -0.28533119 -0.42896470 1.32887197 -0.00515117 0.09921031
0.38132390 0.05722152 0.14470281 0.08602300 -0.25765061 -0.69220698 1.39722097 -0.06902600 0.11606950
0.39432761 0.00948794 0.01279492 0.04404078 -0.41537279 -1.07393706 1.40961099 -0.11682180 -0.01553058
0.29116309 0.10744550 -0.20906200 -0.37428841 -0.51746547 -1.10301101 1.30586803 -0.01889453 -0.23705320
0.12625110 0.18722939 -0.30291370 -0.81320173 -0.48771831 -0.79674059 1.14043105 0.06089273 -0.33055189
-0.03190697 0.07241886 -0.23716860 -0.82266760 -0.32107490 -0.45307311 0.98180747 -0.05387701 -0.26444849
-0.08798572 -0.05121715 -0.16091201 -0.57859981 -0.13910221 -0.25256771 0.92532378 -0.17743230 -0.18784280
-0.03545288 -0.04962108 -0.16932960 -0.51575738 -0.08307142 -0.16685601 0.97750700 -0.17571729 -0.19593140
0.21035640 -0.01388614 -0.17990750 -0.48204160 0.09114843 -0.07422471 1.22301805 -0.13983010 -0.20620900
0.44524530 0.02255819 -0.20971391 -0.37171739 0.42679021 0.11338620 1.45766199 -0.10320420 -0.23575160
